gene_id	GSM158644.CEL	GSM158645.CEL	GSM158646.CEL	GSM241999.CEL	GSM242000.CEL	GSM242001.CEL	GSM242002.CEL	GSM242003.CEL	GSM242004.CEL	GSM242005.CEL	GSM242006.CEL	GSM242007.CEL	GSM242008.CEL	GSM242009.CEL	GSM242010.CEL	GSM242011.CEL	GSM242012.CEL	GSM242013.CEL	GSM398074.CEL	GSM398076.CEL	GSM398078.CEL	GSM398080.CEL	GSM398082.CEL	GSM398084.CEL	GSM398086.CEL	GSM398088.CEL	GSM398090.CEL	GSM398092.CEL	GSM398094.CEL	GSM398096.CEL	GSM398098.CEL	GSM398100.CEL	GSM398102.CEL	GSM398104.CEL	GSM398106.CEL	GSM398108.CEL	GSM398110.CEL	GSM398112.CEL	GSM398114.CEL	GSM398116.CEL	GSM398118.CEL	GSM398120.CEL	GSM398122.CEL	GSM398124.CEL	GSM398126.CEL	GSM398128.CEL	GSM398130.CEL	GSM398132.CEL	GSM398134.CEL
1007_s_at	11.0295	10.9776	11.1138	10.397	10.4386	10.631	10.4485	10.5941	10.6623	10.4951	10.639	10.5779	10.3134	10.7146	10.4012	10.5989	10.5736	10.9882	8.97524	8.63311	9.39315	8.52114	8.86123	8.70898	9.40468	8.97754	9.26678	8.70505	8.93489	9.36571	9.2804	8.86783	8.74832	8.94347	9.13726	9.11962	8.87357	9.20166	8.81439	9.67265	9.31387	8.77013	9.05658	9.40189	9.06117	9.36784	9.30408	8.9685	9.41951
1294_at	8.52705	8.47624	8.59426	7.99422	8.73073	8.43088	8.49954	8.10329	8.1033	8.15879	8.34452	9.18248	8.20605	8.46779	8.43279	8.18504	8.52716	8.90842	7.30387	7.32941	7.47533	7.31272	7.5803	7.19535	7.15926	7.49991	7.42713	7.32728	7.45472	7.62911	7.09992	7.18698	7.2724	7.12861	7.67143	7.34393	7.37134	7.00107	6.98709	7.16334	7.1406	7.23128	7.12834	7.11163	7.12582	7.22343	7.22624	7.21789	7.07381
1773_at	6.77503	6.8526	6.3842	6.14154	6.48553	6.09897	6.44838	6.47018	6.29587	6.28142	6.47968	6.54419	6.23982	6.3792	6.72831	6.51448	6.41146	6.48814	6.70891	6.56391	6.68032	6.54313	6.81473	6.59668	6.36598	6.52263	6.70087	6.79313	6.82115	6.54049	6.62973	6.23995	6.42757	6.37517	6.56891	6.36838	6.48459	6.33636	6.20794	6.25951	6.18758	6.30696	6.46205	6.36531	6.44789	6.40193	6.72106	6.37747	6.55466
200012_x_at	12.847	12.6835	12.7526	12.3067	11.8723	11.6525	11.6884	11.6188	11.7389	11.9893	11.7188	11.653	11.8641	12.6276	11.7263	11.7443	12.0589	12.9875	9.2081	9.17172	9.72322	9.33753	9.90457	9.6585	10.0946	9.11024	9.03786	9.48866	9.44729	10.0031	9.29547	9.26228	10.3402	9.86108	10.1308	10.1382	9.96199	10.0501	9.63631	10.6352	9.85806	9.89892	9.99256	9.97224	9.45281	9.98505	9.26104	9.17503	9.28072
200018_at	13.3874	13.3009	13.0878	12.4035	12.5574	12.4653	11.9404	12.5556	12.4819	12.1784	12.127	12.0637	12.3685	12.5193	11.7356	12.4327	12.4917	12.6273	9.69874	9.50451	9.84628	9.77482	9.97134	10.279	10.4354	9.37697	9.70776	9.59125	9.70699	9.92837	9.72268	9.24284	10.3853	10.1444	10.2655	10.3574	10.4386	10.2238	10.277	10.8008	9.88333	10.0146	9.87992	9.6631	9.75124	9.7369	9.54585	9.8858	9.46675
200031_s_at	12.8433	12.7423	12.8555	12.4459	12.7158	12.7015	12.5869	12.9497	12.8387	13.2186	12.8475	13.079	12.8207	12.9891	12.8946	12.8658	13.2496	13.0307	9.96006	9.63489	10.173	9.74675	10.2193	10.386	10.5424	9.70062	9.99074	9.89503	10.2783	10.6565	10.1755	10.078	10.744	10.2988	10.4256	10.455	10.7266	10.7262	10.5703	11.171	10.4403	10.6745	10.771	10.127	10.4313	10.3947	9.57866	9.75271	9.7545
200033_at	10.1213	9.57567	11.7189	11.5692	11.7696	11.87	11.9409	10.8347	10.9125	11.2607	11.8139	11.6493	12.0174	11.5828	12.0514	11.1988	11.0367	12.0321	7.44396	8.0863	8.44432	8.07037	8.51239	8.69467	8.89113	7.72193	7.92673	7.93214	8.06426	9.36601	8.1274	8.18622	9.21872	9.10378	9.30619	8.80187	9.29286	9.16399	9.28213	9.78586	9.12873	7.94246	7.75	9.29663	9.2077	8.61843	8.71313	8.5848	8.00816
200038_s_at	12.9555	13.1545	12.6554	11.9737	12.0932	12.1036	12.167	11.7876	11.5946	12.4697	12.3754	12.4269	12.4034	12.7034	12.3155	11.8632	12.6069	12.6158	7.87144	7.81809	8.46338	7.62783	8.39282	8.63337	9.26471	7.56684	7.7246	7.73708	7.80192	8.52025	8.3357	7.63466	8.94546	8.55918	8.65029	9.13367	9.16554	9.01636	8.68501	9.99452	8.8122	8.44823	8.83673	8.59833	8.71718	8.72456	7.82409	7.98931	7.89938
200041_s_at	9.0252	8.0552	10.6442	9.4649	9.86608	9.92136	9.76449	9.28948	9.27594	9.39866	9.42276	9.32232	9.93631	7.30495	9.30371	9.30724	9.22992	11.7178	6.6055	6.70069	7.16502	6.96116	7.55962	7.58104	7.83559	6.55204	7.01593	7.36722	7.1223	7.55183	7.97687	8.34688	8.31161	7.96269	8.09108	7.68451	8.94241	7.69451	7.3068	8.13031	8.37066	7.2202	7.79241	7.90815	8.52366	8.09744	7.75616	7.11548	7.16374
200044_at	11.3228	11.1583	10.5153	9.14084	9.66687	10.1363	9.63846	9.78533	10.5117	9.80554	10.5542	10.4419	10.2162	9.59704	10.5696	9.96997	10.3845	10.394	7.63747	7.72693	7.31395	7.98818	8.41322	7.76121	8.35546	7.47753	7.58439	7.70387	7.70973	8.64321	8.49859	7.84021	8.2154	7.76042	8.02526	8.75171	8.36414	8.02861	8.63084	8.83307	8.42671	8.24137	8.05414	8.44129	8.45174	8.09926	7.89008	7.7584	7.94177
200065_s_at	10.0075	9.80179	11.755	9.58342	9.99852	10.4188	10.2668	9.6256	9.75273	9.85411	10.6732	10.5157	10.3311	9.94622	10.4576	9.98034	10.5376	11.0424	8.28166	8.21743	8.7012	8.03537	8.83048	8.43831	8.78249	8.19783	8.35463	8.11749	8.76387	8.80557	8.58938	8.07669	9.21035	8.6312	8.87703	8.82551	9.05261	8.61216	8.91101	8.97223	8.90132	8.81286	8.58243	8.89574	9.2112	8.80079	8.46392	8.21314	8.3155
200080_s_at	12.4461	12.4419	12.245	12.293	12.1572	11.8567	12.1545	12.3171	12.4282	12.3948	11.881	12.1007	11.9022	11.9934	12.0325	12.3938	11.9793	11.8721	7.91614	8.40329	8.99543	8.52994	8.80188	8.9928	9.47371	7.77381	7.9866	8.0888	7.77841	9.37206	8.93174	8.58357	9.5472	9.47875	9.20072	9.35944	9.32992	9.61453	9.40606	9.92521	9.41742	8.90364	8.53729	8.85731	8.3953	9.0333	8.30959	8.26335	8.70154
200088_x_at	13.1612	13.0876	13.212	13.2185	13.1339	13.1016	13.1611	13.1863	13.0845	13.1134	13.1995	13.3066	13.2112	13.634	13.0284	13.1236	13.3547	13.8004	9.43086	9.09582	9.53387	9.17163	9.73722	9.69825	10.4473	9.50712	9.31075	9.47717	9.49009	10.1831	9.67949	9.48155	10.2492	10.1256	10.2486	10.1605	9.97219	10.6503	9.88414	10.9886	10.2618	10.0796	10.1649	10.0227	10.1761	9.77725	9.39789	9.52874	9.63182
200089_s_at	11.9346	11.8634	12.1297	12.1744	11.9924	11.589	11.5065	11.7005	12.0681	12.1539	11.8472	12.0451	11.9487	12.3811	12.0157	11.6497	12.235	12.4398	8.15529	8.32996	8.80445	7.67097	8.88941	8.91418	9.215	8.22048	8.48146	8.0755	8.46764	8.90747	8.63982	8.06879	9.37535	8.9519	9.05876	8.92072	9.49008	9.12364	8.88259	9.75809	9.42762	8.91879	8.91755	9.23138	9.23012	9.20776	9.03361	8.88387	8.11042
200097_s_at	9.01079	8.82643	10.7491	10.7794	10.7895	10.8809	10.8864	10.4677	10.7967	10.9184	10.9014	11.0299	11.0582	10.7051	11.3609	10.708	10.8773	10.5108	7.3131	7.3727	7.52734	7.41133	7.99662	8.03803	8.11015	6.90912	7.43834	7.47589	7.62142	8.15326	7.90924	7.14309	7.91219	8.28179	8.18724	8.12053	8.31166	8.52063	8.3372	8.67065	8.17517	7.80726	7.68822	8.41821	8.1812	8.00858	7.89824	7.63963	7.64905
200099_s_at	11.5487	11.6252	12.716	11.6418	11.4834	11.7779	11.1779	10.5929	10.6714	11.4037	11.6757	11.4291	12.1883	12.3882	11.4574	10.7116	11.8747	12.8796	9.26475	8.97482	9.59836	9.03324	9.73901	9.85065	10.2889	8.90093	9.08134	8.95768	9.49036	10.038	9.31346	9.26142	10.1056	9.76798	10.0653	10.2353	10.1637	10.2075	9.99077	11.0199	10.0432	9.44669	9.44046	9.82868	9.68742	10.0581	9.41247	9.39521	8.6017
200598_s_at	6.52968	6.16702	7.3556	10.0234	10.5152	9.54598	9.7197	9.0317	8.42211	8.71966	9.55172	9.80216	9.84796	10.1192	9.60253	8.58938	9.41399	9.88112	6.42555	5.95362	6.30314	6.06737	6.83607	6.0661	6.75441	6.62762	6.24187	6.5995	6.85014	6.58535	6.31053	5.66488	6.7283	6.02354	6.21657	6.47828	6.45498	5.9955	6.3315	6.87775	6.82942	7.28223	6.89407	7.08287	7.0165	7.09773	6.86807	6.30432	6.24781
200599_s_at	9.24949	9.07476	10.8523	9.8421	10.6134	10.2382	10.038	9.47273	9.22069	9.73645	10.1252	9.76356	10.6373	10.4149	10.0061	9.7979	9.76784	10.886	7.64967	8.77553	9.26548	8.4579	9.48251	9.14748	9.53684	8.75618	7.76242	8.58184	7.89988	8.90459	8.86652	8.04632	9.41067	8.89141	9.27843	9.16588	9.46316	9.44084	9.31485	9.75574	9.2759	9.06326	8.75425	9.04006	9.40055	9.408	8.32674	7.83002	9.0414
200622_x_at	7.69827	7.76551	8.31338	7.96065	8.25564	7.07734	7.77053	7.58607	7.38639	7.17298	7.83575	7.85047	7.01759	7.73758	7.31255	7.47143	6.97585	7.60767	9.25969	9.17097	9.43111	9.10879	9.4471	9.01004	9.22459	9.56704	9.09831	9.39396	9.45672	8.39489	9.39063	9.17608	9.61104	8.50199	8.77567	9.05145	8.94846	8.39914	8.37455	8.10554	8.9761	9.03722	9.64112	7.76083	9.17132	8.35914	8.89337	8.54115	8.22907
200623_s_at	8.12795	8.53318	7.61457	8.24571	8.42814	8.10089	8.2816	7.84106	8.13212	7.86755	7.81105	8.28723	7.46981	7.79148	8.13492	7.8455	7.44776	8.00968	7.46754	7.47024	7.75493	7.30391	7.34869	7.37513	7.57779	7.6755	7.20813	6.73076	7.59839	7.91696	7.51253	6.83456	7.66863	7.7925	7.54743	7.72953	7.61345	7.55439	7.40973	7.72591	7.75251	7.51423	7.28339	7.49791	7.48659	7.64521	7.67885	7.57481	7.49479
200624_s_at	8.65831	8.33171	10.0243	8.08385	8.35647	8.7563	8.8783	8.03329	7.97745	8.31013	9.28619	8.68895	8.93945	9.2452	9.46964	8.34451	9.15571	8.83361	7.42919	7.52354	7.83339	7.62646	7.39697	7.76272	7.89886	8.09353	7.6407	7.81442	7.95867	7.23067	7.59612	8.91579	8.26846	8.22116	8.24868	7.37449	8.43562	8.21123	8.5482	8.5921	7.91706	7.33195	7.86389	8.29684	8.1212	8.80261	8.10616	7.72649	8.25703
200626_s_at	9.35563	9.05671	10.5548	9.71604	9.6708	10.3551	10.16	9.62975	9.81156	9.85763	10.6216	9.59932	10.2808	9.95019	10.8679	9.95364	10.4663	9.92817	7.59883	7.27338	7.51518	7.41148	7.97918	8.24852	8.41194	7.45442	7.35308	7.47919	7.67253	8.14918	7.91473	7.99642	8.18311	8.23765	8.2404	8.21721	8.42258	8.1794	8.36292	8.90831	8.2696	7.88955	7.64132	7.97859	8.1384	8.30182	7.68915	7.75775	7.71932
200647_x_at	12.0017	11.4828	11.4655	8.90637	9.21447	9.3607	9.21972	9.2775	9.40897	10.0166	9.85125	10.0708	9.63982	9.38483	9.23602	9.54144	9.99058	12.0691	9.15854	8.9344	9.11285	9.05417	9.08348	9.37827	8.96431	9.25383	9.3439	9.36537	9.41642	9.23652	9.17763	9.03672	9.56248	9.32283	9.17357	9.42433	9.35651	9.27384	9.47279	9.44918	9.50975	9.31686	9.39967	9.49642	9.71704	9.11394	9.15602	9.11555	9.27254
200651_at	11.1276	10.9565	12.1589	11.1274	11.2389	10.9524	11.0276	10.9944	10.8748	11.1787	11.4825	11.554	11.3839	11.1502	11.0057	10.8657	12.2166	12.608	7.48069	7.36	7.69855	7.2241	8.07126	7.85697	8.31644	7.57324	7.23846	7.51299	8.32172	7.83082	8.06005	7.7678	8.6762	8.26683	8.06822	7.98671	8.60032	8.18858	7.74113	9.05689	8.12602	7.90163	8.14645	7.99038	8.35467	8.47913	8.03318	7.52445	7.54065
200653_s_at	7.62521	7.3441	9.43882	8.61522	8.97746	9.02073	8.98088	8.57846	8.88579	8.53348	8.41429	8.67235	9.13171	9.83612	8.87852	8.68842	7.70345	8.55468	8.19708	8.15644	7.94884	7.30124	7.65253	7.64649	7.59318	8.31646	7.92183	7.53189	7.53746	7.34899	6.97043	7.25685	7.85127	7.7776	8.43268	8.20469	8.68364	7.75424	7.74962	7.5564	7.78128	8.01648	7.10712	7.82845	7.42564	7.69317	7.43097	7.64663	7.60857
200655_s_at	10.5442	10.1805	10.1544	9.83978	10.1309	10.2229	10.0922	10.0343	10.0769	9.88487	9.66314	9.84824	10.115	9.38848	9.87752	9.69634	9.17133	10.3122	7.05984	7.66242	7.41499	7.71727	7.93368	8.46429	7.48866	7.43103	7.54406	7.67073	7.38221	8.32253	7.27426	7.39389	8.76597	8.53356	8.64024	8.6026	8.69657	9.029	9.14546	8.88754	9.01053	8.77241	7.99757	8.68748	8.95113	8.64557	8.09453	8.07109	7.91107
200689_x_at	12.6153	12.3716	12.9979	12.6487	12.6346	12.7355	12.712	12.3765	12.2517	12.5534	13.0208	12.9807	12.7846	12.581	12.8244	12.4426	13.1997	13.701	9.45753	9.58335	9.81998	9.36911	9.80128	9.84304	10.2596	9.27358	9.18876	9.1717	9.82277	10.124	9.88182	10.1978	10.4522	10.3763	10.3033	10.1224	10.448	10.4697	9.96713	10.9051	10.5207	10.1686	9.98385	10.4166	10.1838	10.5077	9.95777	10.0782	9.52798
200705_s_at	12.671	12.5162	12.2273	12.1747	12.0601	11.5287	11.7155	11.5873	11.5793	12.0615	11.2569	10.9597	11.9738	12.179	11.4854	11.7557	12.17	12.4021	8.55693	8.12294	8.67589	8.05427	8.65381	8.70491	9.96984	8.07435	8.28309	8.06711	8.41354	9.17286	8.5018	8.03086	8.70228	8.77687	9.00079	9.36258	9.15104	8.71241	8.71875	9.69117	8.91268	8.69167	8.74885	8.73203	8.60447	8.95336	8.73996	8.2865	8.21088
200715_x_at	12.9911	12.9274	13.0191	13.0761	12.8406	12.7441	12.3337	12.7629	13.1095	12.3769	12.9467	12.7062	12.5857	13.0634	12.3586	12.9075	13.1443	12.8777	9.60493	8.94518	9.75537	9.3804	10.028	9.94933	10.5104	9.66876	9.56749	9.30858	9.67309	10.3789	9.91785	10.0274	10.1618	9.82086	9.90433	10.1903	9.78108	10.1163	9.88022	10.7019	9.77941	10.2291	10.3019	9.61317	9.68604	9.68313	9.45864	9.3519	9.80735
200716_x_at	12.3155	11.9702	13.1831	12.4454	12.5221	12.1502	12.5969	12.5083	12.2864	12.3211	13.0696	13.1207	13.2697	13.4423	12.5121	12.4606	13.17	13.3045	8.60618	9.02479	9.28812	8.45745	9.55754	9.11688	9.70127	8.4453	8.42012	8.26016	8.65723	9.38177	9.24908	8.29779	9.72881	9.17923	9.25549	9.53806	9.58095	9.59855	9.08373	10.4	9.60147	9.55892	9.48544	9.38026	9.81942	9.64094	8.92866	8.84898	8.6345
200724_at	7.21368	7.04778	6.72907	6.70903	6.78308	6.78286	7.11019	6.77268	7.2498	7.27308	6.47325	6.73152	6.85022	6.78394	6.74133	6.89107	6.77417	6.59043	7.18706	7.40191	7.11044	7.21447	7.17292	6.72069	7.26994	7.2637	7.75801	7.10014	7.1279	7.84061	7.22847	7.6592	7.3471	7.73797	7.94523	7.49652	8.07337	7.40953	6.33367	7.49366	7.33264	7.63659	7.10552	7.7011	7.30555	7.85027	7.76279	7.67117	7.24986
200725_x_at	13.2077	13.0213	13.2102	12.9383	12.8612	12.89	12.7141	12.9029	12.7956	13.3181	13.1752	13.1714	13.2172	13.1801	13.0164	12.7604	13.43	13.4367	9.25051	9.07868	9.46614	8.78219	9.69403	9.73696	10.0472	9.12202	8.98414	9.10766	9.25644	9.63271	9.50133	9.31991	9.98271	9.85211	10.0389	10.1012	10.16	9.96735	9.76496	10.7476	10.0386	9.94466	9.79247	9.6406	9.84398	9.89062	9.34338	9.17892	9.21706
200753_x_at	7.67239	7.64081	8.11535	6.92158	6.91234	7.03015	7.31938	6.78469	7.02882	6.71044	7.5956	7.29702	7.09792	6.51216	7.37333	7.09757	7.40042	7.41374	6.55689	8.44524	7.62029	7.46549	6.59144	7.8329	7.50411	7.10862	7.53291	7.23594	7.52467	6.62224	7.90351	8.10448	6.89463	6.88109	7.46702	7.88801	7.53918	7.8227	7.72483	6.97731	7.01638	7.59984	6.8288	7.01044	7.26757	7.58154	7.02393	7.13329	6.82816
200754_x_at	10.7202	10.3721	11.6052	11.6916	11.9925	11.8592	12.0664	11.8687	11.9335	11.8697	12.0804	11.8076	12.1426	11.2408	11.8204	11.6388	11.7743	11.681	8.43492	8.75524	9.04256	8.83629	8.82932	9.30191	9.37558	8.10222	8.00534	8.69583	8.64949	9.4521	9.05073	8.89062	9.22387	9.51054	9.07842	9.38057	9.35107	9.80746	10.0767	9.96632	9.78226	8.34876	8.80089	9.53828	9.6608	9.23701	9.0038	8.59911	9.18981
200772_x_at	8.66709	8.65639	10.2049	9.91049	9.79703	9.86931	9.67467	9.97403	9.78515	9.87701	10.2444	10.2222	10.4824	10.8192	10.023	10.2101	10.0295	9.40146	7.84516	7.82883	8.87347	7.86919	8.24651	7.43263	8.64686	8.21648	8.02809	8.26304	8.12126	9.45512	7.4595	7.92095	8.24052	7.59102	7.97418	8.39824	9.01244	8.4183	7.86489	8.76261	8.46987	9.03172	8.84843	8.24818	9.34368	7.93593	7.85525	8.03662	7.94792
200775_s_at	10.3846	10.1407	10.5062	9.75591	9.57615	10.5696	10.4883	9.96168	9.90953	10.1952	10.8643	10.8259	10.1905	9.64199	10.7931	10.004	10.4918	10.6067	7.66901	7.84991	8.20255	7.8977	8.46829	8.55445	8.7393	8.05449	7.76134	7.90991	8.10184	8.86055	8.19084	8.07881	9.05296	9.02225	8.83815	8.76677	9.02239	8.84001	8.66628	9.61891	9.29337	8.48044	8.19996	8.97492	8.86706	8.94494	8.53407	8.48826	8.45426
200799_at	12.8334	12.8968	12.8208	11.5024	11.6667	11.8444	11.9012	12.1421	11.9326	11.7173	12.2312	12.1959	11.6812	12.4511	12.2283	13.0863	11.6678	11.6645	8.68667	8.23043	8.42758	9.21767	8.63217	9.36314	10.1779	7.59428	9.05203	8.33194	8.2692	9.62604	8.67844	8.41818	9.00456	9.02416	10.0311	10.0213	10.4626	9.18483	9.1847	9.95111	9.64725	9.0272	8.86235	10.1655	9.00352	10.0743	8.6212	9.014	8.93686
200800_s_at	9.69351	9.83953	11.4576	8.36862	8.8439	9.48289	9.70744	8.64012	8.39252	8.5265	10.8202	10.649	9.31756	11.1445	10.2506	10.6971	8.70087	10.5367	7.94856	7.24365	6.67444	7.48933	7.65542	7.85695	9.20388	7.78271	8.08959	6.89256	8.08307	8.3762	7.47645	6.94461	7.82525	7.61335	8.38374	8.73119	9.60049	7.03533	7.07687	8.4459	8.39215	8.1999	7.83063	9.32899	8.06277	8.51237	7.72606	7.6206	6.71368
200858_s_at	10.687	10.3941	11.8817	11.1229	11.2809	11.0784	10.9431	10.9473	11.1306	11.5267	11.3144	11.5931	11.5945	11.9954	11.1654	11.0644	11.5746	12.4289	7.62666	7.22641	8.15826	7.46667	8.53697	8.35101	8.93675	7.49247	7.48009	7.79396	7.95756	8.78439	8.30101	7.69187	8.92934	8.45027	8.61759	8.55704	9.10697	8.35526	7.93762	9.31197	8.54237	9.00683	9.05151	8.24066	8.83128	8.92941	8.07921	8.09374	7.60294
200869_at	9.19745	9.20653	9.47035	6.18918	7.50886	6.77488	7.06666	7.73718	7.54793	8.18245	8.42287	8.20565	8.28291	8.72977	7.75887	8.18355	8.26792	8.03756	7.42376	7.20267	7.34078	6.84993	6.89542	7.40086	7.24375	6.93111	7.20231	7.35097	7.13486	7.35849	7.37182	7.37951	7.2318	6.52045	7.4369	7.09241	7.62538	6.7115	6.78579	7.25165	7.55228	7.14296	7.38049	7.28572	7.58631	7.23227	7.25622	6.18856	6.76623
200874_s_at	7.7079	7.37258	7.54423	7.30402	7.64671	7.21855	7.2091	7.70189	7.05183	7.12198	7.62379	7.48534	7.25153	7.6309	7.24504	7.11012	7.48492	7.97276	7.35205	7.55135	7.33199	7.10547	7.71652	7.41014	7.25221	7.4277	7.43082	6.86749	7.55799	6.66028	7.35825	7.52046	7.01422	6.99109	6.44521	7.64621	6.36499	7.10369	7.04385	6.48455	6.28499	7.34412	7.25871	7.70866	6.46639	6.82476	7.13583	7.39378	6.95225
200875_s_at	8.90486	9.59556	8.94774	8.35634	8.56768	8.03417	7.81218	8.36396	8.50946	8.60334	8.63061	9.06466	8.41062	8.36052	8.26556	8.21497	8.21735	10.0685	6.89015	6.67259	6.7605	6.90385	7.01643	6.64385	6.56739	6.79939	6.67384	6.51269	6.72791	6.87727	6.9022	6.06779	6.79155	7.00693	6.72201	7.09035	6.60204	6.7839	6.71997	6.72146	6.21686	6.7484	7.25778	6.62436	6.719	6.52961	6.65071	6.5093	6.83839
200885_at	9.03007	8.78443	9.59854	8.44685	7.9224	8.69117	8.37396	7.79712	8.15521	7.8938	8.71709	8.42841	8.19757	8.44133	8.52465	7.91014	7.92405	9.52217	7.40451	6.97081	7.21845	6.96877	7.4188	6.87564	7.24462	7.22581	7.46317	7.00974	7.32685	7.69838	7.00882	7.20504	7.55678	7.36052	7.62678	7.65538	8.12574	7.10144	7.15485	7.54231	7.45926	7.61443	7.29271	7.44881	7.58147	7.32506	7.1926	7.4692	7.12202
200888_s_at	11.7701	11.2819	11.8941	11.8892	11.6905	11.9334	11.7756	11.425	11.1338	11.9582	12.1622	11.6049	11.7569	12.6017	11.7177	11.5883	11.7197	11.4399	7.46724	7.80901	8.74058	7.7601	8.54267	8.71704	9.11146	8.22813	7.79838	7.69827	8.24511	8.20925	8.71502	8.33026	9.25095	8.68225	8.64764	8.85824	9.14703	9.0371	8.84105	9.74594	9.08243	8.5846	8.32137	8.89282	9.16283	8.74425	8.52547	8.649	8.13165
200909_s_at	11.6993	11.542	11.5431	11.7869	11.989	11.3664	11.5988	11.6002	11.4854	11.7032	11.9924	11.9709	11.7877	12.3772	11.4238	11.499	12.2311	12.5028	7.90028	7.72282	8.55667	7.89306	8.65893	8.58047	7.3804	8.38726	8.03195	8.57689	8.45125	7.38464	7.23883	7.619	9.12475	8.85682	8.7146	8.39837	9.90223	8.4865	8.03346	9.20665	8.60417	8.49596	8.82159	8.45109	8.76171	8.43714	7.61761	7.74394	8.06246
200912_s_at	11.8954	11.67	12.0398	11.9617	12.1178	12.619	12.504	12.6454	12.2105	12.3453	12.8628	12.4879	12.7382	12.1317	12.5527	12.465	12.4929	12.1427	8.83356	8.77533	9.23212	8.88733	9.43089	9.6155	9.64251	8.70207	8.73969	8.68296	9.10753	10.0427	9.19423	8.87223	9.89749	9.66693	9.56715	10.1846	9.83226	9.80498	9.77936	10.5197	10.1737	9.16702	8.94785	9.78572	9.86241	10.2325	9.38792	9.21115	9.41279
200937_s_at	11.0992	10.8086	12.5864	12.3413	12.5642	12.5249	12.3827	11.8221	11.6154	12.1663	12.622	12.5028	13.0634	12.5528	12.1986	11.6301	12.5167	12.9611	9.27989	8.67542	9.44597	8.76786	9.56777	9.75521	10.2495	9.18985	8.78245	9.13366	9.19052	9.82282	9.27181	9.19637	9.99018	9.79037	9.82028	9.59004	10.224	9.9556	9.68661	10.956	9.84815	9.44705	9.37846	9.75951	9.93659	10.1521	9.65043	9.15179	8.73948
200949_x_at	11.4049	11.1655	11.4888	11.833	11.7804	11.709	11.2717	11.7249	11.5977	12.4888	11.8997	11.8298	11.8224	12.2233	11.2705	11.6809	11.9533	12.5461	9.09761	8.92671	8.88913	9.15649	9.52021	9.4974	9.53068	9.21559	9.09899	9.0435	8.97482	9.6901	9.05189	8.1191	9.74495	9.79758	9.55036	9.73835	9.91286	9.45412	9.26799	10.2673	9.28248	9.7928	9.29195	8.95819	9.64716	9.75132	9.32033	9.37777	8.92425
200997_at	8.50598	8.48591	10.2744	9.66949	9.89761	10.0249	10.2167	9.80311	9.71365	9.26202	10.6482	10.4413	10.1258	9.85038	10.311	9.66734	10.126	10.3836	7.75549	7.69173	7.57353	7.59984	7.74678	8.01818	7.79081	7.78171	7.70446	7.65463	7.77672	7.88151	7.73073	8.31094	8.34845	8.48303	8.24815	7.97827	8.5348	7.70237	7.90144	8.43423	8.22852	7.84352	7.72207	7.93891	8.23267	8.02247	7.96292	8.12874	7.95628
201001_s_at	8.47601	8.65924	8.48653	9.41772	9.14788	8.73627	8.78538	9.67864	9.3938	8.81362	8.6409	9.17771	8.73658	9.83049	8.87909	9.66629	8.80625	7.43808	8.17272	8.09229	7.74151	7.95725	8.16433	7.82793	7.87433	8.28847	8.39329	7.76735	8.40328	8.17184	7.73905	9.44253	7.47239	7.45921	7.32703	8.0813	7.3535	8.24858	8.37258	7.9845	8.33228	8.19326	7.9647	7.5592	7.64419	7.66485	8.09982	7.96884	7.28901
201002_s_at	9.79754	9.69951	10.555	10.3104	10.2689	10.333	10.0485	10.0795	10.054	9.68382	9.54624	9.76604	9.83858	9.56138	9.61244	10.1073	9.49888	9.52679	8.4695	8.08265	7.87561	8.03739	7.82714	8.16858	8.10164	8.3106	8.59851	8.76964	8.49444	7.87489	8.25038	8.17812	7.89247	7.82607	8.16024	7.85676	8.2968	8.4488	8.32399	8.24404	8.34814	8.44954	8.46322	7.95969	8.27647	8.10566	8.31269	7.8691	8.13175
201003_x_at	10.195	10.2749	9.86153	9.34922	8.47158	9.07059	8.7497	9.39265	9.36389	9.21179	9.05643	9.02715	9.28112	8.74332	8.99286	9.44583	8.96222	9.56754	8.25714	8.25982	8.85161	8.316	8.42179	8.3701	7.96405	7.97076	7.94449	7.89528	8.12238	8.88381	8.60852	7.8183	7.93086	8.12758	8.20027	8.38988	8.02987	8.27691	7.77054	8.41868	8.46311	8.41311	8.21855	8.46237	8.10419	8.40249	8.3861	8.08394	7.99084
201065_s_at	9.51352	9.49026	10.1861	10.233	10.2612	10.3732	10.2375	10.3274	10.4781	10.0587	10.3732	10.3733	10.7229	10.2814	10.5842	10.3904	10.2375	10.2372	7.66907	7.57802	8.04518	7.75704	7.8794	8.3452	8.06682	7.65359	7.91114	7.96068	7.80014	7.93931	7.97291	7.67421	8.28584	7.98823	7.93433	8.76522	8.53456	8.04986	8.11319	8.95766	8.35091	8.16863	7.71595	8.66057	8.22862	8.34381	7.92904	8.02531	8.1924
201077_s_at	10.0941	9.96881	10.2899	9.34303	9.43245	9.4684	9.22641	9.21492	9.30681	9.31256	9.65642	9.80937	9.11452	9.30873	9.27475	9.60572	9.60853	9.21611	7.14334	6.76315	7.01458	7.12359	7.11638	7.38934	7.21205	7.39744	6.7631	7.15763	7.12098	7.08987	6.88657	7.04308	7.47296	7.39296	7.5339	7.22044	7.54086	7.06417	7.04437	7.61818	7.36642	6.9795	7.30143	7.01362	7.39339	7.29726	6.99168	7.24742	7.30226
201103_x_at	9.47909	9.21617	10.6494	11.3278	11.4029	11.3505	11.4807	11.5931	11.7976	11.6076	11.1757	11.3545	11.7527	11.0156	11.9593	11.7002	12.0922	12.0076	8.83818	9.20645	9.34107	9.30162	8.93549	9.53318	9.24569	8.76536	9.03512	8.95447	8.99516	9.89367	9.3131	8.87252	9.32098	9.52519	9.3974	9.76683	9.60995	10.1476	10.0936	10.0688	9.36237	9.40573	9.17114	9.37584	9.8503	10.1001	8.83961	8.86523	9.84387
201104_x_at	8.79679	8.6502	8.87248	8.3052	9.00905	9.04797	9.31674	9.24987	8.99461	9.18185	9.38326	9.1889	9.5199	8.7633	9.28112	9.2537	9.32216	10.4039	9.50231	9.39673	9.39525	9.55529	9.60957	9.70432	9.29923	9.63798	9.79914	9.70947	9.55627	9.56711	9.33672	9.24981	9.6152	9.49894	9.599	9.12666	9.67524	9.38809	9.63598	9.63913	9.65275	9.47497	9.9302	9.68445	9.6666	9.67113	9.67597	9.46922	9.43182
201132_at	7.88133	7.15475	8.00159	7.88514	7.79586	8.81431	8.31782	6.45445	7.47003	7.24798	9.11535	8.16743	9.08612	8.31142	9.6698	7.24204	8.73452	8.69778	4.71194	4.94695	5.14239	4.93797	5.27864	5.61258	5.73571	4.60638	5.20704	5.35596	4.85679	5.77424	5.27292	5.45674	5.85327	5.972	5.67384	5.82738	6.14669	5.97363	6.36419	6.80151	6.16341	5.04994	5.15262	6.14481	5.92324	6.07342	5.62558	5.22865	5.44379
201154_x_at	12.0693	11.8883	12.5789	11.6087	11.7959	11.353	11.701	11.0784	11.1468	11.6624	12.2216	11.9451	12.1904	12.1395	11.3295	11.222	12.1438	12.8957	8.69362	8.64467	9.36129	8.12398	9.34143	9.44579	9.71434	8.71474	8.67176	8.5928	9.04923	9.51293	8.90022	8.87826	9.84642	9.39673	9.0973	9.33461	9.68474	9.74183	9.16993	10.2037	9.71242	9.41617	9.34935	9.26445	9.69516	9.66652	9.02693	9.12278	8.54319
201217_x_at	13.2062	13.0769	13.5648	12.2352	12.1742	12.1441	12.0597	12.122	12.1773	12.2933	12.9098	12.6445	12.7993	12.6462	12.6081	12.1778	13.0448	14.1735	9.6354	9.2037	10.002	9.01308	9.9015	10.0467	10.6831	9.22859	9.35201	9.20103	9.6038	10.6185	10.1532	10.0901	10.8048	10.6409	10.637	10.5538	10.6768	10.9029	10.2182	11.6413	10.6511	10.3765	10.2459	10.4694	10.5429	10.6901	10.2434	9.87015	9.60766
201257_x_at	13.4168	13.1471	13.3752	12.9907	12.887	13.0298	12.8746	12.1444	11.8449	12.9092	13.2509	12.8642	13.4152	13.398	12.803	12.0774	13.179	13.4216	10.3201	9.60078	9.99906	9.73304	10.283	10.4666	10.8589	9.65229	9.8625	9.63778	9.76667	10.9091	10.0133	9.88442	10.685	10.4578	10.4406	10.932	10.5908	10.846	10.7933	11.6259	10.8731	10.2157	10.3881	10.6468	10.6784	10.8473	10.1166	9.84925	9.57428
201265_at	7.10248	6.76398	6.48202	6.85495	6.67386	6.4408	6.4973	6.34569	7.0998	6.67935	6.51161	6.50711	6.24565	6.5785	6.34431	6.60168	6.44017	6.56974	7.34702	6.84929	7.44219	6.88608	7.00883	7.05339	7.2498	7.04496	6.91692	7.13127	6.97113	6.95781	7.09456	7.77772	7.03562	7.13833	7.05284	6.58067	6.60219	7.09098	6.8652	6.16025	6.7343	6.79831	6.97767	6.80645	7.38601	7.10136	7.32187	7.07	6.72566
201268_at	10.6467	10.4559	10.6226	11.2896	11.7106	11.2863	11.4839	11.2894	11.5806	11.7836	11.5329	11.3962	11.3758	11.4116	10.8482	11.3065	11.6412	11.3848	7.8149	7.26655	7.72304	7.3021	8.12164	8.11594	8.71303	7.4598	7.31807	7.35926	7.68992	8.07342	7.9365	7.36753	8.49154	8.07643	8.3697	8.63752	8.4341	8.04688	8.21498	8.8238	8.45036	8.43218	8.02994	8.26395	8.28739	7.81988	8.00633	7.74361	7.49243
201293_x_at	11.8793	11.4356	13.3471	12.6223	12.3633	12.6914	12.6719	12.1442	12.0788	12.3596	12.7043	12.5165	12.9032	12.0348	12.0465	11.9507	12.3921	13.0341	8.77265	8.50561	9.14421	8.52902	9.03801	9.56773	10.0318	8.93435	8.48559	8.98614	9.07809	9.32504	9.23675	9.13672	10.0204	9.86788	9.83821	9.68357	10.1875	9.63237	10.0349	10.4449	9.82329	8.94421	9.07458	9.4005	9.95075	9.85064	9.32576	8.97633	8.85099
201318_s_at	9.64745	10.1247	10.7747	10.4572	10.3609	10.519	10.5428	10.1324	10.4179	10.1008	11.0206	11.1279	10.595	10.3979	10.8338	10.1334	10.2432	10.6544	6.99417	7.14764	7.3729	7.33258	7.90496	8.19946	8.03075	7.21556	6.90588	7.64209	7.52116	8.01926	7.33327	7.76319	8.88674	8.33862	8.3931	8.29572	8.42816	8.5465	8.67581	9.12779	8.39465	7.91451	7.96626	8.40291	8.17768	8.28576	7.94866	7.3087	7.48827
201406_at	10.9541	10.8198	10.9284	12.8829	12.7036	12.4429	12.2359	12.6759	12.6224	12.5404	12.7854	12.6923	12.6046	13.0441	12.0351	12.7356	12.9917	12.0675	9.234	8.79129	8.29982	8.85684	8.71909	8.86967	9.13437	8.27696	8.84203	8.54837	8.95319	8.8408	8.71231	9.00589	8.33726	8.1732	8.25344	8.93545	8.64956	8.84699	8.7513	9.45755	8.10343	8.80741	9.01383	8.27393	8.78587	8.56419	8.0232	7.95671	8.33831
201422_at	9.80304	9.84403	9.81626	9.39802	9.52401	9.37525	9.08412	9.03772	9.45114	8.99037	9.88103	9.94393	9.26234	9.71397	9.41688	8.82974	9.00425	9.75303	9.79575	9.50951	9.61556	9.87975	9.87726	9.32003	9.43485	9.5845	9.54084	8.86213	9.61992	9.83765	9.26579	8.8852	9.3584	9.79217	9.2546	10.1773	9.75682	9.17153	9.12626	9.68113	9.75408	9.83051	9.39707	9.70275	9.92664	9.08917	9.74061	9.91156	8.91545
201478_s_at	7.30533	7.82894	8.47185	8.27822	8.56368	8.3359	8.29819	8.6343	8.75024	8.83791	8.8933	8.81203	8.77482	7.7343	8.75096	8.58921	8.70767	8.98672	8.28585	7.30751	7.62552	7.45745	8.41771	7.62314	8.23101	8.21645	7.72212	7.70781	7.3773	7.60275	7.78187	7.69307	7.99898	8.04618	7.7904	7.97087	8.11241	8.32451	8.28086	8.29645	8.07802	8.02422	7.80666	8.40049	8.32492	8.04124	8.29796	8.22953	8.4221
201479_at	10.1327	10.3009	10.1657	11.2904	11.3345	11.1545	11.2214	11.7436	11.8345	11.7426	11.235	11.3376	11.4455	10.8113	11.387	11.5799	11.9258	11.1296	7.76506	7.65897	7.85513	7.82664	8.07727	8.05365	8.43059	7.08679	7.57348	7.5792	7.62953	8.20734	8.2948	7.46889	7.85031	8.19353	7.19075	8.02879	7.79937	8.01182	8.10537	8.44561	7.80822	7.9014	7.77044	7.719	8.0824	7.71296	7.86835	7.61382	7.91686
201522_x_at	9.47411	9.32014	10.5379	8.90545	8.87876	9.10005	9.10176	8.66616	8.4325	8.38278	9.87025	9.20271	8.70678	8.98852	9.21022	8.73541	8.55592	10.3414	8.18249	8.44063	8.32536	8.41996	8.63976	8.43621	8.56721	8.65153	8.44927	8.36875	8.58859	8.34454	8.41866	8.33574	8.64802	8.67485	8.44422	8.61269	8.45552	8.51372	8.58814	8.87199	8.65923	8.67427	8.62237	8.65788	8.29513	8.2229	8.325	8.74979	8.67142
201530_x_at	10.6749	10.8465	11.8904	11.0223	10.9298	10.8348	11.1824	10.6776	10.9831	11.3762	11.191	11.1024	10.9129	10.8975	10.8753	11.2344	11.0417	12.3368	8.47077	8.47772	8.31986	9.03498	9.14986	8.76874	9.38241	9.18067	8.72292	8.93378	8.46655	8.91862	8.62921	9.08161	9.31248	8.67501	8.71644	9.20879	9.42258	9.12549	9.23045	9.53121	9.23978	9.57876	9.43149	9.20025	8.7984	9.16772	8.78116	8.81848	8.68804
201544_x_at	9.92203	9.94934	11.3109	9.7771	10.0649	9.75147	10.2797	9.85998	9.92874	9.58436	9.88088	10.045	10.0247	10.0833	9.50553	9.58694	9.58532	10.6715	8.85657	8.75095	9.1639	8.93052	9.31113	9.21211	9.20533	8.60258	9.01454	8.37164	9.05994	9.22968	8.87627	8.62817	8.9409	9.10927	9.18223	9.45748	8.92477	9.25817	9.09412	9.10597	9.19341	8.91263	9.05588	8.84238	9.13682	8.45731	8.26919	8.95652	8.16631
201545_s_at	6.86919	7.1799	6.90529	7.24008	7.39332	7.95535	7.28341	8.74984	8.45186	8.60462	8.41269	8.91006	8.04772	8.351	8.61593	8.95255	8.72742	8.42005	8.43161	8.39399	8.52507	7.77621	8.45496	7.94198	8.61305	7.53996	8.21273	7.33253	8.40061	8.44562	8.09918	7.9267	7.97325	7.95067	7.62739	8.63931	7.54768	8.10699	7.99722	8.23529	8.21737	8.04204	7.99272	8.27963	8.43855	8.10215	8.28766	8.4567	8.0816
201601_x_at	10.1683	9.90935	10.2176	9.72157	10.0139	9.74437	9.45933	10.0222	10.082	8.67953	9.0753	9.91422	8.81839	9.89697	9.98161	9.22469	8.96386	10.1045	7.87524	7.57541	7.84858	8.52073	9.10078	8.07419	7.56035	8.02778	8.12112	7.98585	8.03962	6.66682	7.39622	8.8453	9.08719	8.55719	8.8761	8.30822	9.03981	8.60637	7.73071	8.36734	8.953	8.23055	7.75548	8.46194	8.47759	7.77157	8.20691	7.39321	8.13453
201638_s_at	7.40288	7.82973	7.37888	6.79983	7.18014	6.73485	6.85569	7.02894	7.01574	7.25223	6.85363	7.14141	6.85285	6.97403	6.97042	7.0374	7.1762	6.82033	7.95074	7.93587	7.41152	7.49246	7.78296	7.35235	7.6156	7.98768	7.99753	7.73984	8.1371	7.61219	7.62672	7.8847	8.2447	7.96169	8.17546	7.04977	7.46654	7.30732	7.02541	7.24745	7.69588	7.79517	7.586	8.37377	7.9883	7.77539	8.08202	7.9736	7.64555
201639_s_at	7.64041	7.4112	7.47701	6.56621	6.75588	6.33335	6.54913	6.77323	6.94091	6.58606	6.64096	7.12554	6.04927	7.26536	6.88767	6.58514	6.73662	8.51493	6.07811	5.98214	6.24881	5.7262	6.17922	5.90358	5.96567	6.40582	6.14355	5.81496	6.27579	5.94587	5.91635	6.45341	6.37326	6.34203	6.03287	6.17576	6.05842	6.0872	5.86231	5.98501	6.07901	6.14085	6.28457	6.1069	6.51837	6.39261	6.68169	6.25494	6.16674
201698_s_at	8.55866	7.94081	9.65142	9.10122	9.4449	9.86205	9.29501	9.43628	9.20419	9.45136	10.3464	9.98097	10.0132	9.18808	10.0359	9.59281	10.1971	10.3049	7.49953	7.3163	7.34513	7.72546	7.58315	7.84279	7.53382	7.53797	7.59188	7.59273	7.61429	6.66979	7.4812	8.08374	8.00504	7.68055	7.41618	7.45368	7.94738	7.93309	7.80725	8.06035	7.57388	7.8623	7.63564	7.71511	7.76354	7.85645	7.64279	7.45467	7.66953
201812_s_at	11.0368	11.2354	11.0154	10.7624	11.2585	11.0942	11.0291	11.2326	10.9181	11.2882	11.154	10.8166	11.1789	11.3827	10.6169	11.2581	10.9089	10.9253	9.16566	8.47262	9.32556	8.58434	9.00585	9.33777	9.42223	8.97302	8.88464	8.72542	8.95934	9.54857	8.85683	8.72958	9.63226	9.49943	9.66749	9.59658	9.75545	9.71334	9.17192	9.90971	9.46683	9.34752	8.99916	9.3878	9.69238	9.69368	8.85731	9.40827	8.832
201894_s_at	8.97812	8.77127	9.66402	8.67515	8.46006	8.13299	8.52906	8.26786	8.37174	8.34976	8.76824	8.52003	8.85635	8.19246	8.43356	8.19552	8.47983	9.07779	7.3936	7.27122	7.35366	6.97795	7.48445	7.67292	7.16312	7.77848	7.05693	7.70565	7.56589	7.6103	7.32162	9.09952	8.02461	7.74118	8.32347	7.36403	8.04949	7.83796	7.91504	8.05307	7.96847	7.75903	7.60734	7.96855	8.19432	7.98794	8.26161	7.48139	7.89818
201921_at	10.3031	10.3261	10.0974	9.55594	9.80163	9.921	9.92111	9.82788	10.1613	9.50026	10.2285	10.0427	9.98042	10.4198	10.5089	9.80079	10.3009	9.54788	7.18711	7.62075	7.58621	7.4984	7.64524	8.05585	7.84211	7.14109	7.27832	7.53863	7.48407	8.15	7.53561	7.14706	8.10203	8.16017	8.08355	8.15227	8.16016	8.50156	8.44133	8.60416	8.08215	7.67568	7.59587	8.32231	7.54421	7.98595	7.69271	7.64047	7.70463
201973_s_at	9.89326	9.65367	10.7024	10.5397	10.1721	10.4725	10.4327	9.86367	10.2496	10.4741	10.1261	10.5105	10.6077	10.3078	10.2934	9.80819	10.1712	10.6302	6.80513	6.70575	6.73774	7.27817	7.92942	8.29187	8.22442	6.8424	6.9203	6.91779	7.58364	8.50749	7.30701	6.48806	8.15059	8.32634	8.20649	8.51501	8.60242	8.4127	8.87698	9.04584	8.65354	8.08984	6.88431	7.93498	8.13459	8.51282	7.67865	7.19918	7.58069
202039_at	7.7238	8.03621	7.95776	6.9991	7.439	7.43443	7.53355	7.77997	8.20939	7.92787	7.49435	8.18284	7.82867	7.59201	7.30591	7.61379	7.73492	7.89222	8.41751	8.34205	8.32903	8.30006	8.04131	8.14708	8.22083	8.42419	8.15705	8.26015	8.22968	8.03997	8.61422	8.13936	8.32622	8.44464	8.45791	8.45551	8.24801	7.94552	7.85969	7.46399	8.20853	8.09967	8.28462	8.21132	8.03713	8.00187	8.24112	8.44754	8.0355
202090_s_at	10.5707	10.8486	10.0843	8.61372	7.83097	8.44817	8.41173	8.33279	8.98482	7.80125	9.3366	9.21911	8.65145	9.20662	8.15667	8.4695	8.67799	9.37361	7.17723	6.87722	7.02806	7.58909	7.65462	7.45224	7.21262	7.10895	7.40699	7.50108	7.02035	7.08107	6.53053	7.0304	7.90541	7.47368	7.62419	7.82073	7.7675	7.36131	7.76716	8.0084	7.39737	7.75532	7.32913	8.08764	7.36873	7.67868	7.82764	7.13689	7.43952
202189_x_at	11.0383	10.9791	10.8446	11.441	11.2015	11.391	11.4127	11.9284	12.1232	11.3654	11.3991	11.3683	11.4865	11.6337	11.4085	11.7497	11.2084	10.3605	7.63567	7.76181	7.54474	7.82394	7.95029	7.91952	8.5014	7.52775	7.94511	8.03024	7.82207	8.42132	8.36981	7.77239	8.57436	8.07288	8.66075	8.04412	8.62979	8.33935	8.26653	9.13141	8.12842	8.10681	8.13869	8.04144	8.50305	8.17325	7.62602	8.11032	8.04598
202233_s_at	9.9729	9.86176	10.5933	11.4944	11.0681	10.8113	10.9066	11.326	11.1502	11.5263	11.1768	11.0174	11.2494	11.4346	10.8049	11.3919	11.396	10.6605	6.95014	6.9825	7.43717	7.50706	8.51043	7.9898	8.21592	8.1383	7.37736	7.54142	7.68368	7.37849	6.90664	6.70445	8.44086	7.80588	8.06929	8.16437	8.41715	7.89987	8.07831	8.87903	7.89292	7.49143	7.10137	7.93175	8.04051	8.22711	7.42259	7.62574	7.13965
202265_at	10.2387	9.92191	9.42316	10.2155	10.1716	10.3542	10.376	10.3433	10.5187	9.85583	9.96998	9.98838	10.1692	9.62545	10.6943	10.2513	10.2641	10.1447	7.75262	8.13359	8.08069	8.60191	8.3496	8.73084	8.65549	7.04353	7.8297	7.8201	7.82177	8.44069	8.38018	7.05514	7.63633	7.78101	7.69085	8.77479	7.94034	8.05787	8.15543	8.79563	8.31719	7.2073	7.48611	8.18667	8.22345	7.90018	7.51268	7.57807	7.7871
202314_at	7.77059	7.68089	8.18299	5.54716	6.333	6.56748	6.30484	6.94982	6.50103	6.46877	5.86463	5.8377	6.1289	6.49149	6.84405	7.29348	6.09789	5.94091	5.02073	5.19438	4.99459	4.96061	4.99743	5.13799	5.01003	4.85385	4.81789	4.98996	5.03213	4.66193	5.24852	5.63257	4.81352	4.96774	4.81842	5.20019	4.77611	4.76039	4.88238	4.93378	4.77215	5.25128	5.05891	4.69805	4.90517	4.66189	4.77139	4.84504	5.07186
202327_s_at	6.27979	6.30582	6.05724	6.05608	6.38703	6.24597	6.09722	5.9699	5.89606	6.24618	6.61547	6.26222	6.06655	6.57274	6.21773	6.5877	6.12917	6.41645	5.99419	5.83286	5.75195	5.94445	5.83567	5.97325	5.64224	6.55759	5.89415	5.99076	6.43539	5.62466	6.02181	6.01173	6.04784	6.09586	5.96114	5.74243	6.0496	5.9586	5.56177	5.50554	6.05402	6.01977	6.05756	5.98743	6.04001	6.03183	6.0577	6.03361	5.64147
202328_s_at	7.84777	7.62448	7.67752	7.62243	7.75645	7.52006	7.66417	7.93476	7.69944	7.52343	7.96074	7.73928	7.63003	8.45066	7.90519	7.70712	7.704	8.47173	6.78166	6.6676	7.22107	6.68522	7.13744	6.91104	6.63273	6.86188	6.98546	6.50145	7.1944	7.60576	7.03016	6.7594	7.26773	7.34773	7.20789	7.644	7.41529	7.05323	6.85581	7.17664	7.44653	6.60097	6.85962	7.25143	7.33514	7.27737	7.06281	7.18292	7.07962
202350_s_at	6.50502	5.97111	5.56335	9.24166	8.62474	8.99114	9.36282	8.57487	8.42189	8.6634	9.56023	7.72582	10.1884	10.4498	9.12893	7.11012	8.90428	9.16152	6.08755	5.77338	6.07395	6.36591	6.6709	6.51441	7.55908	5.88228	5.9405	5.90657	6.1949	6.8147	6.31606	6.58405	6.69736	6.48654	6.71372	7.78904	7.32351	6.91498	6.72005	8.09693	7.68687	6.61366	6.01427	6.94101	6.7497	6.87113	6.09925	6.28789	6.07426
202372_at	8.78154	8.97221	9.08568	10.9481	10.9182	11.2163	11.1068	11.0571	10.8772	11.0221	10.9802	11.0367	10.7252	10.9694	10.7934	10.8797	10.8351	10.1071	8.12314	7.82538	8.22922	7.91522	8.26809	8.29708	8.40536	8.10058	8.02277	8.14824	8.32783	8.61519	8.00578	7.92882	8.20736	8.47702	8.36047	8.92032	8.67122	8.77393	8.82283	9.04446	8.7272	8.33089	8.09272	8.64358	8.49343	8.78492	8.32992	8.25534	8.10244
202373_s_at	9.21084	9.48631	9.49258	9.42076	9.48188	9.60532	9.70377	9.20349	8.96875	9.10423	9.75161	9.16009	9.52786	9.32262	9.53118	9.09827	9.54245	9.37455	8.0643	8.15016	8.23475	7.83726	7.87134	8.12632	8.28715	8.30986	8.07611	8.01061	8.23719	8.14041	7.79859	7.98061	8.1627	8.44082	8.51005	8.08973	8.63608	8.12941	8.18669	8.40433	8.20163	7.60944	7.87654	8.17367	7.89166	8.25021	8.58461	8.33944	8.1753
202374_s_at	7.09423	7.02248	7.09851	6.41916	6.07208	6.95511	6.9842	6.14635	6.9271	6.50476	6.62837	6.52933	6.52188	6.59087	6.73267	6.68737	6.95445	7.37017	7.63013	7.43491	7.45853	7.24005	7.43386	7.2151	7.16822	7.42666	7.73962	7.2501	7.07043	7.00189	7.31648	6.92855	7.13911	7.09223	7.25743	7.00215	7.03197	7.1668	6.93409	7.08518	7.1659	7.05445	7.16037	7.01857	6.62652	7.07961	6.9572	7.54138	7.73441
202397_at	7.52682	7.52511	7.68498	6.80293	6.67965	5.78877	6.77543	7.28737	6.69971	6.51552	6.71659	6.94721	5.99916	6.36474	6.18808	7.29007	6.45268	6.65943	6.12099	6.9667	6.86357	6.29884	6.2223	6.91519	6.27825	6.29035	6.18803	7.02828	6.47812	7.25465	7.03648	7.13788	7.44397	6.71528	7.3291	7.32796	6.94229	7.18049	7.11857	6.58718	7.15199	6.9533	6.40957	6.84729	7.65106	7.18887	6.83958	6.26013	7.19082
202398_at	7.52882	7.32668	6.55618	6.8539	6.66119	6.76879	7.03864	7.15191	6.78726	6.73386	7.02506	6.76195	6.7426	6.72326	7.07533	7.27494	6.92742	6.99331	7.81212	7.4476	7.106	7.17502	7.14121	7.48443	7.08553	7.79134	7.58255	7.88723	6.95569	6.79514	7.50443	7.65183	6.94328	6.78276	6.81027	7.30382	6.51934	6.87784	6.96142	6.58736	6.76377	6.88449	7.09054	6.81564	7.1046	6.631	6.94662	7.09836	6.88072
202399_s_at	10.1671	10.0884	9.76123	9.10143	9.15386	8.82221	9.32554	9.40838	9.42496	9.20227	9.07539	9.29828	9.143	9.2454	9.29327	9.61372	9.80566	9.85522	9.75949	9.60927	9.51988	9.88372	9.9996	9.61973	9.70546	9.70845	9.59025	9.65928	9.92049	9.86678	9.69724	9.17142	10.0925	9.84458	9.77798	9.78223	9.94212	9.77334	10.0488	10.0095	10.0084	9.58871	9.93455	9.67881	9.76178	10.0771	9.74613	9.78673	9.90105
202410_x_at	7.02121	6.98751	6.86953	6.87418	6.67107	5.95684	5.45311	5.89623	6.11504	6.77513	6.14216	6.27899	6.26941	6.28588	6.14653	6.8987	5.99026	6.6105	7.64748	8.28803	7.99465	7.83874	7.48658	7.95238	7.71031	8.08187	7.89077	8.09096	7.74336	7.34691	8.24197	8.24006	8.22609	7.84356	8.17128	7.71927	7.81291	7.3801	7.84208	7.19151	7.71017	7.8974	7.97049	7.61285	7.68619	7.70378	7.93628	8.44269	8.77088
202493_x_at	6.21442	6.20772	5.82848	6.2258	5.20332	5.68367	5.52623	6.01455	5.54395	5.72317	5.61915	5.36815	5.23694	5.91181	5.15148	5.82348	5.32528	5.76093	7.50575	7.28495	7.37913	7.27669	7.11449	7.14062	6.79035	7.6661	7.31727	7.37952	7.67683	6.65375	6.77989	6.76615	7.20613	7.17007	7.33813	6.40725	7.13183	6.76466	6.65979	6.54503	6.91773	6.99486	6.93716	6.65871	7.18771	7.00804	7.03889	7.49505	7.6035
202576_s_at	8.14559	8.42756	8.11977	7.27082	7.85414	7.64653	7.46626	7.62615	7.70197	7.17171	8.09984	7.79827	7.6276	7.69307	7.90599	7.73989	7.56752	8.31256	7.99368	7.7862	8.00259	8.05488	7.62827	7.65258	7.72491	8.14241	8.10904	7.90969	7.61036	7.46557	7.96606	7.76806	7.40402	7.66005	7.3289	7.8566	7.32528	7.445	7.59345	7.44702	7.88848	7.77436	7.84871	7.74637	7.97964	7.83645	8.05267	7.96196	7.41846
202581_at	11.1668	11.1101	11.4012	8.69159	9.12701	9.21543	9.5963	8.95204	8.69273	9.66319	9.62757	10.1647	9.17735	10.6003	8.95848	10.6091	8.60075	10.0444	7.82884	7.69546	7.76484	8.24253	8.14283	8.28115	9.75375	7.80567	8.39258	7.68868	8.0388	9.60409	8.11106	7.52637	8.18486	8.27991	8.5945	9.27096	8.67232	8.67308	7.93894	8.28426	8.93728	8.15742	7.94923	9.48485	8.225	8.81768	8.2669	8.50261	7.703
202632_at	9.13389	8.9604	9.20813	8.31084	8.29727	8.23828	8.00645	7.98828	8.0931	8.53683	8.28358	8.51618	8.06314	8.26071	7.59342	8.06735	7.98342	8.67331	9.17936	9.28106	9.19097	9.34408	9.25293	9.04598	9.24962	9.4167	9.34035	9.66582	9.31349	9.1996	9.42884	8.96037	9.08702	9.27532	9.46495	9.01194	9.14841	9.16432	9.13355	8.92144	9.42821	9.06361	9.05249	9.40661	9.18267	8.9719	9.5125	9.41466	9.57279
